Default Map
25
15
Kenji
Masuka
# Row 0
1020000000
1020000000
1020000000
1020000000
1020000000
1020000000
1020000000
1020000000
1020000000
1020000000
1020000000
1020000000
1020000000
1020000000
1020000000
1020000000
1020000000
1020000000
1020000000
1020000000
1020000000
1020000000
1020000000
1020000000
1020000000
# Row 1
1020000000
4320000000
5220100000
1220000000
1220000000
1220000000
1220000000
1220000000
1220000000
1220000000
1220000000
1220000000
1220000000
5220200000
4220000000
1020000000
1020000000
1020000000
1020000000
1020000000
1020000000
1020000000
1020000000
1020000000
1020000000
# Row 2
1020000000
5020100000
1021101215
1020000000
1020000000
1020000000
1020000000
1020000000
1020000000
1020000000
1021201215
1020000000
1020000000
1020000000
5020200000
1020000000
1020000000
1020000000
1020000000
1020000000
1020000000
1020000000
1020000000
1020000000
1020000000
# Row 3
1020000000
4120000000
5220100000
1020000000
1020000000
1020000000
1020000000
1020000000
1020000000
1020000000
1020000000
1020000000
1020000000
5220200000
4020000000
1020000000
1020000000
1020000000
1020000000
1020000000
1020000000
1020000000
1020000000
1020000000
1020000000
# Row 4
1020000000
1020000000
1021101215
1020000000
1020000000
1021201215
1020000000
1020000000
1020000000
1021201215
1021201215
1020000000
1020000000
1020000000
1020000000
1020000000
1020000000
1020000000
1020000000
1020000000
1020000000
1020000000
1020000000
1020000000
1020000000
# Row 5
1020000000
1020000000
1020000000
1020000000
1020000000
1020000000
1020000000
1020000000
1020000000
1020000000
1020000000
1020000000
1020000000
1020000000
1020000000
1020000000
1020000000
1020000000
1020000000
1020000000
1020000000
1020000000
1020000000
1020000000
1020000000
# Row 6
1020000000
1020000000
1020000000
1020000000
1020000000
1020000000
1020000000
1020000000
1020000000
1020000000
1020000000
1020000000
1020000000
1020000000
1020000000
1020000000
1020000000
1020000000
1020000000
1020000000
1020000000
1020000000
1020000000
1020000000
1020000000
# Row 7
1020000000
1020000000
1020000000
1020000000
1020000000
1020000000
1020000000
1020000000
1020000000
1020000000
1020000000
1020000000
1020000000
1020000000
1020000000
1020000000
1020000000
1020000000
1020000000
1020000000
1020000000
1020000000
1020000000
1020000000
1020000000
# Row 8
1020000000
1020000000
1020000000
1020000000
1020000000
1020000000
1020000000
1020000000
1020000000
1020000000
1020000000
1020000000
1020000000
1020000000
1020000000
1020000000
1020000000
1020000000
1020000000
1020000000
1020000000
1020000000
1020000000
1020000000
1020000000
# Row 9
1020000000
1020000000
1020000000
1020000000
1020000000
1020000000
1020000000
1020000000
1020000000
1020000000
1020000000
1020000000
1020000000
1020000000
1020000000
1020000000
1020000000
1020000000
1020000000
1020000000
1020000000
1020000000
1020000000
1020000000
1020000000
# Row 10
1020000000
1020000000
1020000000
1020000000
1020000000
1020000000
1020000000
1020000000
1020000000
1020000000
1020000000
1020000000
1020000000
1020000000
1020000000
1020000000
1020000000
1020000000
1020000000
1020000000
1020000000
1020000000
1020000000
1020000000
1020000000
# Row 11
1020000000
1020000000
1020000000
1020000000
1020000000
1020000000
1020000000
1020000000
1020000000
1020000000
1020000000
1020000000
1020000000
1020000000
1020000000
1020000000
1020000000
1020000000
1020000000
1020000000
1020000000
1020000000
1020000000
1020000000
1020000000
# Row 12
1020000000
1020000000
1020000000
1020000000
1020000000
1020000000
1020000000
1020000000
1020000000
1020000000
1020000000
1020000000
1020000000
1020000000
1020000000
1020000000
1020000000
1020000000
1020000000
1020000000
1020000000
1020000000
1020000000
1020000000
1020000000
# Row 13
1020000000
1020000000
1020000000
1020000000
1020000000
1020000000
1020000000
1020000000
1020000000
1020000000
1020000000
1020000000
1020000000
1020000000
1020000000
1020000000
1020000000
1020000000
1020000000
1020000000
1020000000
1020000000
1020000000
1020000000
1020000000
# Row 14
1020000000
1020000000
1020000000
1020000000
1020000000
1020000000
1020000000
1020000000
1020000000
1020000000
1020000000
1020000000
1020000000
1020000000
1020000000
1020000000
1020000000
1020000000
1020000000
1020000000
1020000000
1020000000
1020000000
1020000000
1020000000
