Default Map
17
10
Kenji
Gohzu
# Row 0
6320000000
6320000000
6320000000
6320000000
6320000000
6320000000
6320000000
6320000000
6320000000
6320000000
6320000000
7720000000
6320000000
6320000000
6320000000
7120000000
6020000000
# Row 1
1020000000
1021101220
1022101228
1022201228
1020000000
1020000000
1020000000
1020000000
1020000000
1021201220
1020000000
7020000000
1020000000
1020000000
1020000000
6120000000
6020000000
# Row 2
1020000000
4320000000
1220000000
1220000000
1220000000
1220000000
1220000000
1220000000
1220000000
1220000000
1020000000
7020000000
1020000000
1020000000
1020000000
6120000000
6020000000
# Row 3
8120000000
1320000000
1020000000
5220100000
5220100000
1023101328
1023201328
1020000000
1320000000
8020000000
1020000000
7520000000
6920000000
6920000000
6920000000
7620000000
7120000000
# Row 4
1020000000
5020100000
1020000000
1020000000
1020000000
1020000000
1020000000
1020000000
1320000000
8020000000
8020000000
1020000000
8020000000
1020000000
1020000000
1020000000
6120000000
# Row 5
1020000000
1020000000
8120000000
1020000000
1020000000
1020000000
1020000000
1020000000
4120000000
1220000000
1220000000
1220000000
1220000000
4220000000
1020000000
1020000000
6120000000
# Row 6
1020000000
8120000000
8120000000
1020000000
1020000000
1020000000
8120000000
1020000000
1020000000
5220200000
1020000000
1020000000
1020000000
1320000000
1020000000
1020000000
6120000000
# Row 7
1020000000
1020000000
1020000000
1020000000
1020000000
8120000000
8020000000
8120000000
1020000000
1020000000
1020000000
1020000000
8120000000
1320000000
5220200000
1020000000
6120000000
# Row 8
8020000000
8020000000
8120000000
1020000000
8020000000
8020000000
8020000000
8020000000
8120000000
1020000000
1020000000
1020000000
8120000000
5020200000
1020000000
1020000000
6120000000
# Row 9
8020000000
8020000000
8020000000
8120000000
1020000000
1020000000
1020000000
1020000000
1020000000
1020000000
1020000000
1020000000
1020000000
1020000000
1020000000
1020000000
6120000000
