Default Map
10
5
# Row 0
01010010
01010010
01010010
01010010
01010010
01010010
01010010
01010010
01010010
01010010
# Row 1
01010010
01010010
05210010
01010010
01010010
01010010
01010010
01010010
05210010
01010010
# Row 2
01010010
05010010
01010010
01010010
01010010
01010010
01010010
01010010
05010010
01010010
# Row 3
01010010
01010010
05210010
01010010
01010010
01010010
01010010
01010010
05210010
01010010
# Row 4
01010010
01010010
01010010
01010010
01010010
01010010
01010010
01010010
01010010
01010010
